//            PatSize	     Ratio
               10000	  0.464700
               20000	  0.288700
               30000	  0.030933
               40000	  0.010675
               50000	  0.009480
               60000	  0.036417
               70000	  0.008814
               80000	  0.012713
               90000	  0.008278
              100000	  0.008210
              110000	  0.008027
              120000	  0.007842
              130000	  0.008946
              140000	  0.007900
              150000	  0.008280
              160000	  0.008006
              170000	  0.008041
              180000	  0.007900
              190000	  0.007768
              200000	  0.008925
              210000	  0.016795
              220000	  0.009273
              230000	  0.015713
              240000	  0.008054
              250000	  0.013036
              260000	  0.007896
              270000	  0.009174
              280000	  0.013314
              290000	  0.008807
              300000	  0.007800
              310000	  0.007874
              320000	  0.007891
              330000	  0.011324
              340000	  0.010385
              350000	  0.008814
              360000	  0.008372
              370000	  0.008492
              380000	  0.012716
              390000	  0.007756
              400000	  0.007773
              410000	  0.009137
              420000	  0.007707
              430000	  0.008640
              440000	  0.007930
              450000	  0.011371
              460000	  0.007602
              470000	  0.007798
              480000	  0.007700
              490000	  0.007682
              500000	  0.008190
              510000	  0.007849
              520000	  0.007692
              530000	  0.008315
              540000	  0.007665
              550000	  0.007573
              560000	  0.007780
              570000	  0.007747
              580000	  0.007912
              590000	  0.007858
              600000	  0.007952
              610000	  0.007843
              620000	  0.007803
              630000	  0.009132
              640000	  0.007845
              650000	  0.007774
              660000	  0.007767
              670000	  0.007751
              680000	  0.007835
              690000	  0.007871
              700000	  0.007851
              710000	  0.008045
              720000	  0.007990
              730000	  0.009303
              740000	  0.008119
              750000	  0.008027
              760000	  0.007738
              770000	  0.007748
              780000	  0.007749
              790000	  0.007829
              800000	  0.007964
              810000	  0.008300
              820000	  0.007685
              830000	  0.007642
              840000	  0.007658
              850000	  0.010552
              860000	  0.007810
              870000	  0.007821
              880000	  0.007697
              890000	  0.007737
              900000	  0.007686
              910000	  0.007780
              920000	  0.007950
              930000	  0.007652
              940000	  0.008355
              950000	  0.007686
              960000	  0.007986
              970000	  0.007584
              980000	  0.007619
              990000	  0.007756
             1000000	  0.007598
Ignoring ratios before cross over point: 70000
Sorted ratios are: 
  0.007573,   0.007584,   0.007598,   0.007602,   0.007619, 
  0.007642,   0.007652,   0.007658,   0.007665,   0.007682, 
  0.007685,   0.007686,   0.007686,   0.007692,   0.007697, 
  0.007700,   0.007707,   0.007737,   0.007738,   0.007747, 
  0.007748,   0.007749,   0.007751,   0.007756,   0.007756, 
  0.007767,   0.007768,   0.007773,   0.007774,   0.007780, 
  0.007780,   0.007798,   0.007800,   0.007803,   0.007810, 
  0.007821,   0.007829,   0.007835,   0.007842,   0.007843, 
  0.007845,   0.007849,   0.007851,   0.007858,   0.007871, 
  0.007874,   0.007891,   0.007896,   0.007900,   0.007900, 
  0.007912,   0.007930,   0.007950,   0.007952,   0.007964, 
  0.007986,   0.007990,   0.008006,   0.008027,   0.008027, 
  0.008041,   0.008045,   0.008054,   0.008119,   0.008190, 
  0.008210,   0.008278,   0.008280,   0.008300,   0.008315, 
  0.008355,   0.008372,   0.008492,   0.008640,   0.008807, 
  0.008814,   0.008814,   0.008925,   0.008946,   0.009132, 
  0.009137,   0.009174,   0.009273,   0.009303,   0.009480, 
  0.010385,   0.010552,   0.010675,   0.011324,   0.011371, 
  0.012713,   0.012716,   0.013036
Maximum ratio is:   0.013036
Average ratio is:   0.008343
