//            PatSize	     Ratio
               10000	  0.084800
               20000	  0.048250
               30000	  0.016000
               40000	  0.007975
               50000	  0.008560
               60000	  0.009533
               70000	  0.007271
               80000	  0.007337
               90000	  0.007778
              100000	  0.007150
              110000	  0.011418
              120000	  0.007000
              130000	  0.007546
              140000	  0.007286
              150000	  0.007580
              160000	  0.007475
              170000	  0.007082
              180000	  0.007150
              190000	  0.007074
              200000	  0.007235
              210000	  0.007062
              220000	  0.012705
              230000	  0.006965
              240000	  0.006808
              250000	  0.007028
              260000	  0.006838
              270000	  0.006833
              280000	  0.007246
              290000	  0.007128
              300000	  0.007053
              310000	  0.006829
              320000	  0.006909
              330000	  0.007676
              340000	  0.006809
              350000	  0.008894
              360000	  0.006908
              370000	  0.008330
              380000	  0.006924
              390000	  0.007003
              400000	  0.007230
              410000	  0.006998
              420000	  0.007157
              430000	  0.007193
              440000	  0.008593
              450000	  0.006942
              460000	  0.006817
              470000	  0.006947
              480000	  0.006746
              490000	  0.006941
              500000	  0.006944
              510000	  0.007186
              520000	  0.006898
              530000	  0.006777
              540000	  0.007493
              550000	  0.006971
              560000	  0.006954
              570000	  0.006884
              580000	  0.006809
              590000	  0.006710
              600000	  0.006920
              610000	  0.006984
              620000	  0.006921
              630000	  0.006940
              640000	  0.007519
              650000	  0.006995
              660000	  0.007885
              670000	  0.006999
              680000	  0.006850
              690000	  0.007061
              700000	  0.006829
              710000	  0.006780
              720000	  0.006908
              730000	  0.006879
              740000	  0.006931
              750000	  0.006827
              760000	  0.006816
              770000	  0.006983
              780000	  0.006942
              790000	  0.006818
              800000	  0.006905
              810000	  0.006974
              820000	  0.006833
              830000	  0.006947
              840000	  0.006856
              850000	  0.007106
              860000	  0.006860
              870000	  0.006801
              880000	  0.006988
              890000	  0.007097
              900000	  0.006810
              910000	  0.006937
              920000	  0.006921
              930000	  0.006880
              940000	  0.007060
              950000	  0.006994
              960000	  0.007017
              970000	  0.007007
              980000	  0.006998
              990000	  0.006995
             1000000	  0.007062
Ignoring ratios before cross over point: 40000
Sorted ratios are: 
  0.006710,   0.006746,   0.006777,   0.006780,   0.006801, 
  0.006808,   0.006809,   0.006809,   0.006810,   0.006816, 
  0.006817,   0.006818,   0.006827,   0.006829,   0.006829, 
  0.006833,   0.006833,   0.006838,   0.006850,   0.006856, 
  0.006860,   0.006879,   0.006880,   0.006884,   0.006898, 
  0.006905,   0.006908,   0.006908,   0.006909,   0.006920, 
  0.006921,   0.006921,   0.006924,   0.006931,   0.006937, 
  0.006940,   0.006941,   0.006942,   0.006942,   0.006944, 
  0.006947,   0.006947,   0.006954,   0.006965,   0.006971, 
  0.006974,   0.006983,   0.006984,   0.006988,   0.006994, 
  0.006995,   0.006995,   0.006998,   0.006998,   0.006999, 
  0.007000,   0.007003,   0.007007,   0.007017,   0.007028, 
  0.007053,   0.007060,   0.007061,   0.007062,   0.007062, 
  0.007074,   0.007082,   0.007097,   0.007106,   0.007128, 
  0.007150,   0.007150,   0.007157,   0.007186,   0.007193, 
  0.007230,   0.007235,   0.007246,   0.007271,   0.007286, 
  0.007337,   0.007475,   0.007493,   0.007519,   0.007546, 
  0.007580,   0.007676,   0.007778,   0.007885,   0.007975, 
  0.008330,   0.008560,   0.008593,   0.008894,   0.009533, 
  0.011418
Maximum ratio is:   0.011418
Average ratio is:   0.007174
