//            PatSize	     Ratio
               10000	  0.084200
               20000	  0.026900
               30000	  0.025400
               40000	  0.010400
               50000	  0.011560
               60000	  0.009700
               70000	  0.009086
               80000	  0.008912
               90000	  0.008222
              100000	  0.008450
              110000	  0.007900
              120000	  0.008033
              130000	  0.009862
              140000	  0.008193
              150000	  0.007547
              160000	  0.008375
              170000	  0.007906
              180000	  0.008344
              190000	  0.008000
              200000	  0.009055
              210000	  0.016657
              220000	  0.009000
              230000	  0.016113
              240000	  0.008237
              250000	  0.013724
              260000	  0.008065
              270000	  0.007767
              280000	  0.011839
              290000	  0.007686
              300000	  0.007597
              310000	  0.007829
              320000	  0.007922
              330000	  0.007964
              340000	  0.008041
              350000	  0.007969
              360000	  0.007783
              370000	  0.007565
              380000	  0.007829
              390000	  0.007692
              400000	  0.007842
              410000	  0.011122
              420000	  0.007662
              430000	  0.007795
              440000	  0.007641
              450000	  0.007738
              460000	  0.008609
              470000	  0.008664
              480000	  0.008771
              490000	  0.007576
              500000	  0.008558
              510000	  0.008412
              520000	  0.007581
              530000	  0.007564
              540000	  0.008074
              550000	  0.008435
              560000	  0.007727
              570000	  0.007528
              580000	  0.007967
              590000	  0.008098
              600000	  0.007717
              610000	  0.007620
              620000	  0.007715
              630000	  0.007560
              640000	  0.007628
              650000	  0.007620
              660000	  0.007691
              670000	  0.008081
              680000	  0.007628
              690000	  0.007496
              700000	  0.007683
              710000	  0.007582
              720000	  0.007879
              730000	  0.007989
              740000	  0.007939
              750000	  0.008255
              760000	  0.008633
              770000	  0.009894
              780000	  0.007755
              790000	  0.007894
              800000	  0.007492
              810000	  0.008202
              820000	  0.007488
              830000	  0.007741
              840000	  0.007536
              850000	  0.007564
              860000	  0.007891
              870000	  0.007738
              880000	  0.007694
              890000	  0.007554
              900000	  0.007484
              910000	  0.007576
              920000	  0.007613
              930000	  0.008349
              940000	  0.007635
              950000	  0.007760
              960000	  0.007510
              970000	  0.007853
              980000	  0.007531
              990000	  0.007790
             1000000	  0.007589
Ignoring ratios before cross over point: 70000
Sorted ratios are: 
  0.007484,   0.007488,   0.007492,   0.007496,   0.007510, 
  0.007528,   0.007531,   0.007536,   0.007547,   0.007554, 
  0.007560,   0.007564,   0.007564,   0.007565,   0.007576, 
  0.007576,   0.007581,   0.007582,   0.007589,   0.007597, 
  0.007613,   0.007620,   0.007620,   0.007628,   0.007628, 
  0.007635,   0.007641,   0.007662,   0.007683,   0.007686, 
  0.007691,   0.007692,   0.007694,   0.007715,   0.007717, 
  0.007727,   0.007738,   0.007738,   0.007741,   0.007755, 
  0.007760,   0.007767,   0.007783,   0.007790,   0.007795, 
  0.007829,   0.007829,   0.007842,   0.007853,   0.007879, 
  0.007891,   0.007894,   0.007900,   0.007906,   0.007922, 
  0.007939,   0.007964,   0.007967,   0.007969,   0.007989, 
  0.008000,   0.008033,   0.008041,   0.008065,   0.008074, 
  0.008081,   0.008098,   0.008193,   0.008202,   0.008222, 
  0.008237,   0.008255,   0.008344,   0.008349,   0.008375, 
  0.008412,   0.008435,   0.008450,   0.008558,   0.008609, 
  0.008633,   0.008664,   0.008771,   0.008912,   0.009000, 
  0.009055,   0.009086,   0.009700,   0.009862,   0.009894, 
  0.010400,   0.011122,   0.011560
Maximum ratio is:   0.011560
Average ratio is:   0.008083
