// PatSize	  TextSize	  Naive-RT	    KMP-RT
        10	     10000	      1202	       886
       100	     10000	      1384	       235
      1000	     10000	       146	       402
        10	     20000	       268	       312
       100	     20000	       268	       299
      1000	     20000	       231	       226
     10000	     20000	       190	       940
        10	     30000	       264	       232
       100	     30000	       250	       245
      1000	     30000	       279	       275
     10000	     30000	       324	       475
        10	     40000	       327	       285
       100	     40000	       363	       298
      1000	     40000	       374	       307
     10000	     40000	       361	       300
        10	     50000	       396	       331
       100	     50000	       444	       315
      1000	     50000	       391	       324
     10000	     50000	       403	       338
        10	     60000	       509	       398
       100	     60000	       529	       461
      1000	     60000	       521	       387
     10000	     60000	       515	       446
        10	     70000	       570	       466
       100	     70000	       571	       475
      1000	     70000	       584	       493
     10000	     70000	       564	       463
        10	     80000	       649	       546
       100	     80000	       662	       526
      1000	     80000	       655	       593
     10000	     80000	      1015	       539
        10	     90000	       725	       618
       100	     90000	       728	       599
      1000	     90000	       792	       587
     10000	     90000	       755	       571
        10	    100000	       796	       692
       100	    100000	       796	       794
      1000	    100000	       812	       664
     10000	    100000	       787	       679
        10	    110000	       888	       742
       100	    110000	       890	       742
      1000	    110000	       905	       729
     10000	    110000	       918	       755
        10	    120000	       979	       778
       100	    120000	       955	       819
      1000	    120000	       981	       820
     10000	    120000	       948	       807
        10	    130000	      1053	       856
       100	    130000	      1017	       834
      1000	    130000	      1079	       878
     10000	    130000	      1037	       808
        10	    140000	      1128	       901
       100	    140000	      1135	       919
      1000	    140000	      1085	       919
     10000	    140000	      1245	       866
        10	    150000	      1174	       951
       100	    150000	      1180	       992
      1000	    150000	      1852	       976
     10000	    150000	      1189	       941
        10	    160000	      1256	      1067
       100	    160000	      1312	      1066
      1000	    160000	      1249	      1029
     10000	    160000	      1294	      1049
        10	    170000	      1374	      1156
       100	    170000	      1368	      1107
      1000	    170000	      1349	      1105
     10000	    170000	      1347	      1099
        10	    180000	      1462	      1214
       100	    180000	      1422	      1173
      1000	    180000	      1408	      1207
     10000	    180000	      1472	      1177
        10	    190000	      1556	      1274
       100	    190000	      1528	      1280
      1000	    190000	      1490	      1256
     10000	    190000	      1666	      1145
        10	    200000	      1604	      1350
       100	    200000	      1668	      1347
      1000	    200000	      1656	      1341
     10000	    200000	      1751	      1249
    100000	    200000	      2008	      1138
        10	    210000	      1679	      1417
       100	    210000	      1640	      1435
      1000	    210000	      1674	      1379
     10000	    210000	      1709	      1314
    100000	    210000	      2000	      1163
        10	    220000	      1778	      1463
       100	    220000	      1742	      1502
      1000	    220000	      1769	      1439
     10000	    220000	      1802	      1334
    100000	    220000	      2040	      2442
        10	    230000	      1865	      1543
       100	    230000	      1795	      1496
      1000	    230000	      1836	      1576
     10000	    230000	      1844	      1370
    100000	    230000	      2161	      1261
        10	    240000	      1937	      1564
       100	    240000	      2107	      1656
      1000	    240000	      1872	      1574
     10000	    240000	      1925	      1569
    100000	    240000	      2187	      1296
        10	    250000	      1970	      1655
       100	    250000	      1947	      1672
      1000	    250000	      1944	      2077
     10000	    250000	      1974	      1540
    100000	    250000	      2313	      1303
        10	    260000	      2065	      1653
       100	    260000	      2011	      1738
      1000	    260000	      2070	      1739
     10000	    260000	      2194	      1595
    100000	    260000	      2373	      1312
        10	    270000	      2100	      1819
       100	    270000	      2111	      1795
      1000	    270000	      2126	      1707
     10000	    270000	      2202	      1600
    100000	    270000	      2556	      1345
        10	    280000	      2253	      1912
       100	    280000	      2173	      1848
      1000	    280000	      2243	      1785
     10000	    280000	      2182	      1656
    100000	    280000	      2624	      1387
        10	    290000	      2342	      1949
       100	    290000	      2277	      1881
      1000	    290000	      2284	      1918
     10000	    290000	      2387	      1893
    100000	    290000	      2714	      1453
        10	    300000	      2383	      1963
       100	    300000	      2324	      1931
      1000	    300000	      2452	      1974
     10000	    300000	      2497	      1773
    100000	    300000	      2737	      1475
        10	    310000	      2630	      2052
       100	    310000	      2368	      2356
      1000	    310000	      2514	      2004
     10000	    310000	      2416	      1891
    100000	    310000	      3007	      1470
        10	    320000	      2563	      2122
       100	    320000	      2483	      2165
      1000	    320000	      2528	      2100
     10000	    320000	      2572	      1929
    100000	    320000	      3019	      1516
        10	    330000	      2612	      2183
       100	    330000	      2585	      2198
      1000	    330000	      2660	      2127
     10000	    330000	      2650	      1953
    100000	    330000	      3072	      1540
        10	    340000	      2676	      2187
       100	    340000	      2663	      2186
      1000	    340000	      2674	      2193
     10000	    340000	      2692	      1996
    100000	    340000	      3233	      1558
        10	    350000	      2688	      2646
       100	    350000	      2733	      2287
      1000	    350000	      2702	      2249
     10000	    350000	      2826	      2047
    100000	    350000	      3275	      1573
        10	    360000	      2940	      2309
       100	    360000	      2863	      2314
      1000	    360000	      3051	      2323
     10000	    360000	      2835	      2114
    100000	    360000	      3320	      1628
        10	    370000	      2888	      2361
       100	    370000	      2882	      2522
      1000	    370000	      2891	      2368
     10000	    370000	      2930	      2138
    100000	    370000	      3433	      1660
        10	    380000	      3020	      2510
       100	    380000	      2971	      2451
      1000	    380000	      2943	      2475
     10000	    380000	      3380	      2252
    100000	    380000	      3508	      1728
        10	    390000	      3026	      2526
       100	    390000	      3034	      2561
      1000	    390000	      3108	      2505
     10000	    390000	      3116	      2295
    100000	    390000	      3658	      1761
        10	    400000	      3148	      2734
       100	    400000	      3045	      2567
      1000	    400000	      3106	      2641
     10000	    400000	      3146	      2415
    100000	    400000	      3726	      1737
        10	    410000	      3198	      2679
       100	    410000	      3159	      2634
      1000	    410000	      3144	      2781
     10000	    410000	      3210	      2372
    100000	    410000	      3893	      1765
        10	    420000	      3360	      2734
       100	    420000	      3290	      2766
      1000	    420000	      3322	      2711
     10000	    420000	      3350	      2443
    100000	    420000	      3946	      1814
        10	    430000	      3379	      2800
       100	    430000	      3329	      2761
      1000	    430000	      3290	      2719
     10000	    430000	      3527	      2494
    100000	    430000	      4042	      1832
        10	    440000	      3532	      2885
       100	    440000	      3619	      2860
      1000	    440000	      3468	      2874
     10000	    440000	      3535	      2584
    100000	    440000	      4375	      3220
        10	    450000	      3496	      2905
       100	    450000	      3521	      2858
      1000	    450000	      3536	      2898
     10000	    450000	      3608	      2610
    100000	    450000	      4178	      1911
        10	    460000	      3557	      2997
       100	    460000	      3555	      3303
      1000	    460000	      3625	      2919
     10000	    460000	      3705	      2690
    100000	    460000	      4300	      1948
        10	    470000	      3704	      3080
       100	    470000	      3587	      3048
      1000	    470000	      3636	      3078
     10000	    470000	      3799	      2777
    100000	    470000	      4367	      1946
        10	    480000	      3695	      3144
       100	    480000	      3701	      3127
      1000	    480000	      3732	      3109
     10000	    480000	      3833	      2835
    100000	    480000	      4542	      2026
        10	    490000	      3863	      3246
       100	    490000	      3746	      3386
      1000	    490000	      3798	      3137
     10000	    490000	      4056	      2936
    100000	    490000	      4803	      2038
        10	    500000	      3969	      3292
       100	    500000	      3901	      3322
      1000	    500000	      3854	      3282
     10000	    500000	      4205	      3145
    100000	    500000	      4740	      2182
        10	    510000	      3975	      3284
       100	    510000	      4053	      3353
      1000	    510000	      4036	      3317
     10000	    510000	      4099	      3029
    100000	    510000	      4846	      2179
        10	    520000	      4221	      3425
       100	    520000	      4180	      3449
      1000	    520000	      4129	      3755
     10000	    520000	      4321	      3121
    100000	    520000	      5012	      2214
        10	    530000	      4178	      3439
       100	    530000	      4221	      3481
      1000	    530000	      4134	      3477
     10000	    530000	      4252	      3175
    100000	    530000	      5124	      2248
        10	    540000	      4120	      3450
       100	    540000	      4256	      3537
      1000	    540000	      4221	      3545
     10000	    540000	      4360	      3184
    100000	    540000	      5067	      2216
        10	    550000	      4268	      3553
       100	    550000	      4229	      3560
      1000	    550000	      4324	      3502
     10000	    550000	      4397	      3171
    100000	    550000	      5106	      2238
        10	    560000	      4438	      3599
       100	    560000	      4294	      3614
      1000	    560000	      4417	      3594
     10000	    560000	      4381	      3278
    100000	    560000	      5193	      2322
        10	    570000	      4534	      3690
       100	    570000	      4440	      3681
      1000	    570000	      4438	      3655
     10000	    570000	      4506	      3316
    100000	    570000	      5405	      2346
        10	    580000	      4610	      3768
       100	    580000	      4790	      3844
      1000	    580000	      4540	      3756
     10000	    580000	      4599	      3414
    100000	    580000	      5603	      2423
        10	    590000	      4664	      3890
       100	    590000	      4536	      3786
      1000	    590000	      4628	      3843
     10000	    590000	      4672	      3503
    100000	    590000	      5488	      2598
        10	    600000	      4730	      3869
       100	    600000	      4579	      3966
      1000	    600000	      5289	      3971
     10000	    600000	      4773	      3464
    100000	    600000	      5549	      2362
        10	    610000	      4758	      4070
       100	    610000	      4722	      4013
      1000	    610000	      4836	      3909
     10000	    610000	      4873	      3611
    100000	    610000	      5684	      2473
        10	    620000	      4827	      4057
       100	    620000	      4723	      3987
      1000	    620000	      4911	      3968
     10000	    620000	      5121	      3580
    100000	    620000	      5757	      3863
        10	    630000	      5232	      4057
       100	    630000	      4910	      4095
      1000	    630000	      4887	      4007
     10000	    630000	      5004	      3729
    100000	    630000	      6194	      2474
        10	    640000	      4994	      4251
       100	    640000	      4918	      4137
      1000	    640000	      4998	      4143
     10000	    640000	      5053	      3707
    100000	    640000	      6047	      2540
        10	    650000	      5007	      4193
       100	    650000	      5004	      4205
      1000	    650000	      5062	      4182
     10000	    650000	      5089	      3786
    100000	    650000	      6019	      2565
        10	    660000	      5055	      4273
       100	    660000	      5165	      4219
      1000	    660000	      5127	      4248
     10000	    660000	      5234	      3798
    100000	    660000	      6117	      2646
        10	    670000	      5171	      4333
       100	    670000	      5133	      4358
      1000	    670000	      5263	      4294
     10000	    670000	      5311	      3873
    100000	    670000	      6158	      4070
        10	    680000	      5372	      4499
       100	    680000	      5276	      4433
      1000	    680000	      5285	      4444
     10000	    680000	      5339	      3970
    100000	    680000	      6245	      2643
        10	    690000	      5416	      4500
       100	    690000	      5376	      4384
      1000	    690000	      5466	      4383
     10000	    690000	      5442	      4121
    100000	    690000	      6384	      2660
        10	    700000	      5489	      4573
       100	    700000	      5421	      4485
      1000	    700000	      5465	      4489
     10000	    700000	      5565	      4083
    100000	    700000	      6513	      2752
        10	    710000	      5475	      4679
       100	    710000	      5487	      4662
      1000	    710000	      5487	      4546
     10000	    710000	      5902	      4292
    100000	    710000	      7405	      2740
        10	    720000	      5642	      4629
       100	    720000	      5559	      4688
      1000	    720000	      5645	      4538
     10000	    720000	      5670	      4192
    100000	    720000	      6608	      2803
        10	    730000	      5602	      4687
       100	    730000	      5637	      4680
      1000	    730000	      5695	      4755
     10000	    730000	      6081	      4226
    100000	    730000	      6801	      2833
        10	    740000	      5867	      4992
       100	    740000	      5969	      4804
      1000	    740000	      5770	      4752
     10000	    740000	      5822	      4384
    100000	    740000	      6937	      2822
        10	    750000	      5864	      4891
       100	    750000	      5694	      4800
      1000	    750000	      5897	      4801
     10000	    750000	      6012	      4305
    100000	    750000	      7015	      2862
        10	    760000	      5950	      4927
       100	    760000	      5896	      4910
      1000	    760000	      5940	      4845
     10000	    760000	      6015	      4411
    100000	    760000	      7081	      2939
        10	    770000	      5894	      4942
       100	    770000	      5961	      4945
      1000	    770000	      5995	      4977
     10000	    770000	      6070	      4457
    100000	    770000	      7167	      2966
        10	    780000	      6090	      5106
       100	    780000	      6101	      5020
      1000	    780000	      6217	      5058
     10000	    780000	      6149	      4743
    100000	    780000	      8141	      2986
        10	    790000	      6078	      5057
       100	    790000	      6070	      5131
      1000	    790000	      6158	      5041
     10000	    790000	      6281	      4572
    100000	    790000	      7389	      3016
        10	    800000	      6211	      5242
       100	    800000	      6050	      5145
      1000	    800000	      6235	      5103
     10000	    800000	      6368	      4597
    100000	    800000	      7488	      4427
        10	    810000	      6311	      5201
       100	    810000	      6181	      5251
      1000	    810000	      6333	      5149
     10000	    810000	      6475	      4706
    100000	    810000	      7640	      3064
        10	    820000	      6441	      5312
       100	    820000	      6401	      5212
      1000	    820000	      6448	      5285
     10000	    820000	      6466	      5600
    100000	    820000	      7634	      3098
        10	    830000	      6379	      5326
       100	    830000	      6310	      5298
      1000	    830000	      6733	      5276
     10000	    830000	      6519	      4816
    100000	    830000	      7705	      4541
        10	    840000	      6595	      5444
       100	    840000	      6362	      5539
      1000	    840000	      6448	      5437
     10000	    840000	      6750	      4838
    100000	    840000	      7851	      3182
        10	    850000	      6568	      5452
       100	    850000	      6546	      5616
      1000	    850000	      6646	      5468
     10000	    850000	      6720	      5135
    100000	    850000	      8044	      4908
        10	    860000	      6719	      5533
       100	    860000	      6653	      5632
      1000	    860000	      6792	      5487
     10000	    860000	      6914	      4934
    100000	    860000	      8135	      3273
        10	    870000	      6861	      5606
       100	    870000	      6705	      5629
      1000	    870000	      6798	      5578
     10000	    870000	      6815	      5013
    100000	    870000	      8134	      3411
        10	    880000	      6745	      5631
       100	    880000	      6888	      5606
      1000	    880000	      6910	      5706
     10000	    880000	      6890	      5096
    100000	    880000	      8170	      4738
        10	    890000	      7077	      5727
       100	    890000	      7021	      5804
      1000	    890000	      6959	      5679
     10000	    890000	      7028	      5209
    100000	    890000	      8264	      3703
        10	    900000	      6907	      5810
       100	    900000	      7013	      5890
      1000	    900000	      6909	      5725
     10000	    900000	      7090	      5259
    100000	    900000	      8478	      3485
        10	    910000	      7091	      5854
       100	    910000	      6976	      5823
      1000	    910000	      7124	      5772
     10000	    910000	      7393	      5171
    100000	    910000	      8541	      3336
        10	    920000	      7124	      6295
       100	    920000	      7186	      5971
      1000	    920000	      7187	      5883
     10000	    920000	      7337	      5341
    100000	    920000	      8784	      3411
        10	    930000	      7215	      5971
       100	    930000	      7276	      6093
      1000	    930000	      7223	      5972
     10000	    930000	      7526	      5365
    100000	    930000	      8706	      3458
        10	    940000	      7619	      6092
       100	    940000	      7178	      6048
      1000	    940000	      7476	      6049
     10000	    940000	      7464	      5416
    100000	    940000	      8687	      3475
        10	    950000	      7317	      6182
       100	    950000	      7518	      6195
      1000	    950000	      7433	      6169
     10000	    950000	      7660	      5476
    100000	    950000	      8870	      3593
        10	    960000	      7456	      6244
       100	    960000	      7416	      6192
      1000	    960000	      7429	      6373
     10000	    960000	      7618	      5539
    100000	    960000	      8913	      3568
        10	    970000	      7534	      6260
       100	    970000	      7484	      6286
      1000	    970000	      7497	      6523
     10000	    970000	      7729	      5637
    100000	    970000	      9015	      4737
        10	    980000	      7720	      6401
       100	    980000	      7695	      6416
      1000	    980000	      7770	      6275
     10000	    980000	      7784	      5907
    100000	    980000	      9639	      3707
        10	    990000	      7670	      6404
       100	    990000	      7757	      6483
      1000	    990000	      7667	      6371
     10000	    990000	      7929	      5686
    100000	    990000	      9331	      3608
        10	   1000000	      7697	      6544
       100	   1000000	      7811	      6480
      1000	   1000000	      7672	      6455
     10000	   1000000	      7994	      5768
    100000	   1000000	      9747	      5668
