//            PatSize	     Ratio
               10000	  0.092700
               20000	  0.042000
               30000	  0.020300
               40000	  0.012725
               50000	  0.010560
               60000	  0.010750
               70000	  0.010271
               80000	  0.010675
               90000	  0.011056
              100000	  0.008710
              110000	  0.008555
              120000	  0.009367
              130000	  0.009108
              140000	  0.008829
              150000	  0.009373
              160000	  0.008556
              170000	  0.008735
              180000	  0.010950
              190000	  0.008126
              200000	  0.008585
              210000	  0.009067
              220000	  0.015091
              230000	  0.008087
              240000	  0.010125
              250000	  0.008696
              260000	  0.009196
              270000	  0.008489
              280000	  0.008764
              290000	  0.009786
              300000	  0.008173
              310000	  0.009019
              320000	  0.008700
              330000	  0.010255
              340000	  0.009135
              350000	  0.009023
              360000	  0.008200
              370000	  0.008108
              380000	  0.008921
              390000	  0.007772
              400000	  0.007942
              410000	  0.007680
              420000	  0.008238
              430000	  0.008077
              440000	  0.008380
              450000	  0.008120
              460000	  0.007867
              470000	  0.008243
              480000	  0.008190
              490000	  0.008251
              500000	  0.008242
              510000	  0.007541
              520000	  0.008135
              530000	  0.008553
              540000	  0.008576
              550000	  0.007780
              560000	  0.008293
              570000	  0.007509
              580000	  0.007790
              590000	  0.007324
              600000	  0.007578
              610000	  0.007344
              620000	  0.007698
              630000	  0.007841
              640000	  0.008955
              650000	  0.009025
              660000	  0.007867
              670000	  0.008651
              680000	  0.007893
              690000	  0.007365
              700000	  0.007893
              710000	  0.007708
              720000	  0.007369
              730000	  0.007607
              740000	  0.007370
              750000	  0.007800
              760000	  0.007580
              770000	  0.007551
              780000	  0.006955
              790000	  0.007177
              800000	  0.007407
              810000	  0.007664
              820000	  0.007339
              830000	  0.007435
              840000	  0.007592
              850000	  0.007100
              860000	  0.007186
              870000	  0.007861
              880000	  0.007276
              890000	  0.007551
              900000	  0.007678
              910000	  0.007564
              920000	  0.007818
              930000	  0.007660
              940000	  0.007847
              950000	  0.007280
              960000	  0.007282
              970000	  0.007593
              980000	  0.007673
              990000	  0.007580
             1000000	  0.007703
Ignoring ratios before cross over point: 40000
Sorted ratios are: 
  0.006955,   0.007100,   0.007177,   0.007186,   0.007276, 
  0.007280,   0.007282,   0.007324,   0.007339,   0.007344, 
  0.007365,   0.007369,   0.007370,   0.007407,   0.007435, 
  0.007509,   0.007541,   0.007551,   0.007551,   0.007564, 
  0.007578,   0.007580,   0.007580,   0.007592,   0.007593, 
  0.007607,   0.007660,   0.007664,   0.007673,   0.007678, 
  0.007680,   0.007698,   0.007703,   0.007708,   0.007772, 
  0.007780,   0.007790,   0.007800,   0.007818,   0.007841, 
  0.007847,   0.007861,   0.007867,   0.007867,   0.007893, 
  0.007893,   0.007942,   0.008077,   0.008087,   0.008108, 
  0.008120,   0.008126,   0.008135,   0.008173,   0.008190, 
  0.008200,   0.008238,   0.008242,   0.008243,   0.008251, 
  0.008293,   0.008380,   0.008489,   0.008553,   0.008555, 
  0.008556,   0.008576,   0.008585,   0.008651,   0.008696, 
  0.008700,   0.008710,   0.008735,   0.008764,   0.008829, 
  0.008921,   0.008955,   0.009019,   0.009023,   0.009025, 
  0.009067,   0.009108,   0.009135,   0.009196,   0.009367, 
  0.009373,   0.009786,   0.010125,   0.010255,   0.010271, 
  0.010560,   0.010675,   0.010750,   0.010950,   0.011056, 
  0.012725
Maximum ratio is:   0.012725
Average ratio is:   0.008318
