// PatSize	  TextSize	  Naive-RT	    KMP-RT
        10	     10000	       934	       709
       100	     10000	      1011	       373
      1000	     10000	      1064	       382
        10	     20000	       502	       862
       100	     20000	       468	       613
      1000	     20000	       480	       438
     10000	     20000	       498	      1121
        10	     30000	       290	       308
       100	     30000	       280	       237
      1000	     30000	       269	       431
     10000	     30000	       265	       469
        10	     40000	       476	       417
       100	     40000	       380	       373
      1000	     40000	       391	       305
     10000	     40000	       487	       368
        10	     50000	       678	       480
       100	     50000	       623	       475
      1000	     50000	       498	       331
     10000	     50000	       473	       437
        10	     60000	       643	       519
       100	     60000	       748	       399
      1000	     60000	       536	       467
     10000	     60000	       558	       482
        10	     70000	       608	       572
       100	     70000	       892	       616
      1000	     70000	       656	       617
     10000	     70000	       648	       638
        10	     80000	       802	       689
       100	     80000	       687	       608
      1000	     80000	       743	       606
     10000	     80000	       679	       699
        10	     90000	       826	       974
       100	     90000	       867	       661
      1000	     90000	       803	       884
     10000	     90000	      1004	       685
        10	    100000	      1062	       750
       100	    100000	       949	       769
      1000	    100000	       858	       736
     10000	    100000	      1276	       799
        10	    110000	       908	      1012
       100	    110000	       951	       746
      1000	    110000	       985	       811
     10000	    110000	       982	       808
        10	    120000	      1200	      1044
       100	    120000	      1053	       847
      1000	    120000	      1122	       903
     10000	    120000	      1183	       827
        10	    130000	      1142	       980
       100	    130000	      1145	      1138
      1000	    130000	      1280	       943
     10000	    130000	      1211	       999
        10	    140000	      1354	       998
       100	    140000	      1381	      1009
      1000	    140000	      1491	      1002
     10000	    140000	      1262	       995
        10	    150000	      1401	      1063
       100	    150000	      1514	      1118
      1000	    150000	      1499	      1088
     10000	    150000	      1309	      1099
        10	    160000	      1507	      1158
       100	    160000	      1651	      1307
      1000	    160000	      2042	      1243
     10000	    160000	      1594	      1058
        10	    170000	      1467	      1354
       100	    170000	      1413	      1486
      1000	    170000	      1924	      1141
     10000	    170000	      1865	      1260
        10	    180000	      1591	      1599
       100	    180000	      1548	      1304
      1000	    180000	      1561	      1365
     10000	    180000	      1532	      1339
        10	    190000	      1768	      1279
       100	    190000	      1679	      1395
      1000	    190000	      1869	      1350
     10000	    190000	      1780	      1281
        10	    200000	      1886	      1462
       100	    200000	      1873	      1420
      1000	    200000	      1730	      1410
     10000	    200000	      1925	      1348
    100000	    200000	      1913	      1424
        10	    210000	      2166	      1551
       100	    210000	      1892	      1533
      1000	    210000	      1887	      1443
     10000	    210000	      1771	      1462
    100000	    210000	      2001	      1372
        10	    220000	      2100	      1534
       100	    220000	      1993	      1702
      1000	    220000	      1963	      1545
     10000	    220000	      2086	      1448
    100000	    220000	      2280	      1489
        10	    230000	      2187	      1827
       100	    230000	      2541	      1535
      1000	    230000	      2111	      1601
     10000	    230000	      1942	      1508
    100000	    230000	      2423	      1339
        10	    240000	      2364	      1715
       100	    240000	      2046	      1847
      1000	    240000	      2090	      1695
     10000	    240000	      1946	      1714
    100000	    240000	      2332	      1270
        10	    250000	      2312	      1776
       100	    250000	      2393	      1857
      1000	    250000	      2084	      1738
     10000	    250000	      2284	      1587
    100000	    250000	      2456	      1427
        10	    260000	      2243	      1813
       100	    260000	      2573	      1936
      1000	    260000	      2258	      1725
     10000	    260000	      2077	      1840
    100000	    260000	      2474	      1436
        10	    270000	      2162	      2324
       100	    270000	      2600	      2034
      1000	    270000	      2338	      1954
     10000	    270000	      2436	      1625
    100000	    270000	      2805	      1271
        10	    280000	      2626	      2183
       100	    280000	      2838	      2123
      1000	    280000	      2294	      2174
     10000	    280000	      2495	      2002
    100000	    280000	      2681	      1596
        10	    290000	      2691	      2014
       100	    290000	      3141	      2015
      1000	    290000	      2554	      2171
     10000	    290000	      2478	      2159
    100000	    290000	      2678	      1474
        10	    300000	      3184	      2207
       100	    300000	      2663	      2131
      1000	    300000	      2412	      2133
     10000	    300000	      2731	      1863
    100000	    300000	      2839	      1552
        10	    310000	      2799	      2218
       100	    310000	      2703	      2164
      1000	    310000	      2693	      2180
     10000	    310000	      2828	      1948
    100000	    310000	      3272	      1566
        10	    320000	      3030	      2576
       100	    320000	      3250	      2382
      1000	    320000	      2992	      2395
     10000	    320000	      2811	      1988
    100000	    320000	      3290	      1660
        10	    330000	      2696	      2249
       100	    330000	      3004	      2397
      1000	    330000	      2877	      2333
     10000	    330000	      2815	      2065
    100000	    330000	      3082	      3293
        10	    340000	      3215	      2398
       100	    340000	      2974	      2742
      1000	    340000	      3028	      2318
     10000	    340000	      2685	      2101
    100000	    340000	      3184	      1650
        10	    350000	      3025	      2501
       100	    350000	      3385	      3007
      1000	    350000	      3035	      2482
     10000	    350000	      3503	      2447
    100000	    350000	      4205	      1779
        10	    360000	      3431	      2642
       100	    360000	      3274	      2541
      1000	    360000	      3041	      2654
     10000	    360000	      3148	      2376
    100000	    360000	      3673	      1708
        10	    370000	      3399	      2664
       100	    370000	      3171	      2675
      1000	    370000	      3227	      2726
     10000	    370000	      3247	      3077
    100000	    370000	      3452	      1834
        10	    380000	      3327	      2781
       100	    380000	      3418	      2774
      1000	    380000	      3249	      2466
     10000	    380000	      3442	      2233
    100000	    380000	      3695	      3500
        10	    390000	      3485	      2837
       100	    390000	      3368	      2840
      1000	    390000	      3115	      2557
     10000	    390000	      3285	      2472
    100000	    390000	      3883	      2003
        10	    400000	      4069	      2852
       100	    400000	      3632	      2631
      1000	    400000	      3345	      2730
     10000	    400000	      3596	      2844
    100000	    400000	      3861	      1803
        10	    410000	      4101	      3058
       100	    410000	      3912	      3014
      1000	    410000	      3276	      3234
     10000	    410000	      3219	      2521
    100000	    410000	      3997	      1940
        10	    420000	      4031	      3151
       100	    420000	      3605	      3294
      1000	    420000	      3332	      3086
     10000	    420000	      4030	      2588
    100000	    420000	      4226	      1932
        10	    430000	      4152	      3296
       100	    430000	      4056	      3142
      1000	    430000	      3531	      2819
     10000	    430000	      3702	      3086
    100000	    430000	      4391	      4022
        10	    440000	      4113	      2963
       100	    440000	      3707	      3058
      1000	    440000	      3871	      3209
     10000	    440000	      4028	      2938
    100000	    440000	      4733	      2051
        10	    450000	      3778	      3388
       100	    450000	      3626	      3043
      1000	    450000	      3838	      3002
     10000	    450000	      3675	      2783
    100000	    450000	      4467	      2192
        10	    460000	      4253	      3398
       100	    460000	      3818	      3101
      1000	    460000	      3723	      3219
     10000	    460000	      3699	      3133
    100000	    460000	      4541	      2062
        10	    470000	      4007	      3490
       100	    470000	      3921	      3140
      1000	    470000	      3935	      3497
     10000	    470000	      3982	      2870
    100000	    470000	      4720	      2063
        10	    480000	      4483	      3427
       100	    480000	      4022	      3248
      1000	    480000	      4072	      3534
     10000	    480000	      4375	      2942
    100000	    480000	      4814	      2568
        10	    490000	      4543	      3396
       100	    490000	      4307	      3560
      1000	    490000	      4129	      3392
     10000	    490000	      3928	      3287
    100000	    490000	      4787	      2149
        10	    500000	      4364	      3629
       100	    500000	      4136	      3478
      1000	    500000	      4716	      3365
     10000	    500000	      4252	      3403
    100000	    500000	      4950	      2241
        10	    510000	      4378	      3579
       100	    510000	      4167	      3704
      1000	    510000	      4005	      3420
     10000	    510000	      4402	      3257
    100000	    510000	      5025	      2267
        10	    520000	      4940	      3729
       100	    520000	      4350	      3802
      1000	    520000	      4404	      3521
     10000	    520000	      4516	      3429
    100000	    520000	      5101	      2220
        10	    530000	      4567	      3647
       100	    530000	      4285	      3701
      1000	    530000	      4354	      3624
     10000	    530000	      4446	      3443
    100000	    530000	      5187	      2390
        10	    540000	      4473	      3768
       100	    540000	      4445	      3855
      1000	    540000	      4289	      3761
     10000	    540000	      4574	      3290
    100000	    540000	      5381	      2226
        10	    550000	      5212	      3776
       100	    550000	      4594	      3757
      1000	    550000	      4412	      3658
     10000	    550000	      4575	      3573
    100000	    550000	      5506	      2331
        10	    560000	      4890	      4026
       100	    560000	      4739	      3979
      1000	    560000	      4630	      3955
     10000	    560000	      4716	      3566
    100000	    560000	      5345	      2413
        10	    570000	      4730	      4134
       100	    570000	      5248	      4061
      1000	    570000	      4774	      4082
     10000	    570000	      4814	      3811
    100000	    570000	      5532	      4058
        10	    580000	      5441	      3998
       100	    580000	      4889	      3902
      1000	    580000	      4963	      4031
     10000	    580000	      4917	      3460
    100000	    580000	      5503	      2459
        10	    590000	      5457	      4021
       100	    590000	      4829	      4305
      1000	    590000	      4782	      4029
     10000	    590000	      4782	      3890
    100000	    590000	      5901	      2423
        10	    600000	      5342	      4309
       100	    600000	      4887	      4159
      1000	    600000	      4761	      4223
     10000	    600000	      5192	      3838
    100000	    600000	      6046	      2681
        10	    610000	      5117	      4153
       100	    610000	      5058	      4294
      1000	    610000	      5451	      4274
     10000	    610000	      5262	      3850
    100000	    610000	      5704	      2579
        10	    620000	      5352	      5019
       100	    620000	      5066	      4369
      1000	    620000	      4899	      4496
     10000	    620000	      5261	      3907
    100000	    620000	      6673	      2868
        10	    630000	      5094	      4495
       100	    630000	      5496	      4434
      1000	    630000	      5133	      4246
     10000	    630000	      5190	      3979
    100000	    630000	      5894	      2665
        10	    640000	      5279	      4572
       100	    640000	      5813	      4621
      1000	    640000	      5276	      4600
     10000	    640000	      5305	      4033
    100000	    640000	      6812	      2645
        10	    650000	      5329	      4579
       100	    650000	      5259	      4620
      1000	    650000	      5419	      4576
     10000	    650000	      5676	      4259
    100000	    650000	      6719	      2839
        10	    660000	      5819	      4588
       100	    660000	      5327	      4524
      1000	    660000	      5240	      4371
     10000	    660000	      5252	      4021
    100000	    660000	      6491	      2696
        10	    670000	      5868	      4790
       100	    670000	      5615	      4533
      1000	    670000	      5924	      4515
     10000	    670000	      5467	      4163
    100000	    670000	      6566	      2798
        10	    680000	      5791	      4704
       100	    680000	      5455	      4959
      1000	    680000	      6093	      4536
     10000	    680000	      5514	      4099
    100000	    680000	      6340	      2820
        10	    690000	      6401	      4863
       100	    690000	      5764	      5025
      1000	    690000	      5918	      4798
     10000	    690000	      6087	      4558
    100000	    690000	      7306	      2868
        10	    700000	      6268	      4944
       100	    700000	      5479	      4866
      1000	    700000	      5473	      4918
     10000	    700000	      5503	      4549
    100000	    700000	      6516	      3119
        10	    710000	      6004	      4804
       100	    710000	      6216	      5041
      1000	    710000	      6017	      5030
     10000	    710000	      6076	      4392
    100000	    710000	      6909	      3026
        10	    720000	      5745	      4813
       100	    720000	      5587	      5284
      1000	    720000	      5922	      5016
     10000	    720000	      6082	      4465
    100000	    720000	      7087	      2908
        10	    730000	      5967	      5303
       100	    730000	      5654	      4911
      1000	    730000	      5984	      5039
     10000	    730000	      6067	      4324
    100000	    730000	      7584	      2952
        10	    740000	      6287	      5024
       100	    740000	      6247	      5210
      1000	    740000	      5750	      5358
     10000	    740000	      5913	      4641
    100000	    740000	      7417	      3043
        10	    750000	      6324	      5013
       100	    750000	      6198	      4984
      1000	    750000	      5854	      5305
     10000	    750000	      6016	      4887
    100000	    750000	      7556	      3629
        10	    760000	      7230	      5663
       100	    760000	      5904	      5448
      1000	    760000	      6393	      5384
     10000	    760000	      6071	      4712
    100000	    760000	      7507	      3128
        10	    770000	      6452	      5455
       100	    770000	      6270	      5545
      1000	    770000	      6177	      5497
     10000	    770000	      6328	      4603
    100000	    770000	      7587	      3149
        10	    780000	      6649	      5574
       100	    780000	      6329	      5306
      1000	    780000	      6437	      5422
     10000	    780000	      6896	      4917
    100000	    780000	      7564	      3210
        10	    790000	      6864	      5452
       100	    790000	      7711	      5367
      1000	    790000	      6652	      5269
     10000	    790000	      6437	      5062
    100000	    790000	      7691	      3105
        10	    800000	      6692	      5848
       100	    800000	      6304	      6112
      1000	    800000	      6385	      5406
     10000	    800000	      6562	      5353
    100000	    800000	      7643	      3299
        10	    810000	      7226	      5700
       100	    810000	      6544	      5945
      1000	    810000	      6680	      5784
     10000	    810000	      6442	      5404
    100000	    810000	      7875	      3289
        10	    820000	      6834	      5751
       100	    820000	      6385	      5790
      1000	    820000	      6669	      5766
     10000	    820000	      6583	      5136
    100000	    820000	      8200	      3344
        10	    830000	      6970	      5640
       100	    830000	      7028	      5680
      1000	    830000	      6669	      5608
     10000	    830000	      6884	      5194
    100000	    830000	      8048	      3290
        10	    840000	      7362	      5741
       100	    840000	      6811	      5802
      1000	    840000	      6826	      5830
     10000	    840000	      6953	      5318
    100000	    840000	      8084	      3412
        10	    850000	      7162	      5809
       100	    850000	      6894	      5698
      1000	    850000	      6835	      5633
     10000	    850000	      7261	      5443
    100000	    850000	      8024	      3249
        10	    860000	      7360	      6205
       100	    860000	      7157	      5977
      1000	    860000	      7136	      6002
     10000	    860000	      7144	      5399
    100000	    860000	      8490	      3486
        10	    870000	      7499	      6327
       100	    870000	      7192	      6131
      1000	    870000	      6982	      6048
     10000	    870000	      7027	      5575
    100000	    870000	      8598	      3457
        10	    880000	      7725	      6185
       100	    880000	      7131	      6159
      1000	    880000	      7139	      5810
     10000	    880000	      7339	      5230
    100000	    880000	      8932	      3440
        10	    890000	      7690	      6544
       100	    890000	      7086	      6402
      1000	    890000	      7379	      6408
     10000	    890000	      7349	      5553
    100000	    890000	      8547	      3593
        10	    900000	      7578	      6812
       100	    900000	      7062	      6288
      1000	    900000	      7261	      6225
     10000	    900000	      7391	      5699
    100000	    900000	      8724	      3641
        10	    910000	      8134	      6377
       100	    910000	      7161	      6613
      1000	    910000	      7949	      6007
     10000	    910000	      7592	      5351
    100000	    910000	      8936	      3574
        10	    920000	      7536	      6404
       100	    920000	      7654	      6419
      1000	    920000	      7512	      6418
     10000	    920000	      7613	      5583
    100000	    920000	      8964	      3608
        10	    930000	      7891	      7221
       100	    930000	      7594	      6646
      1000	    930000	      7484	      6420
     10000	    930000	      7707	      5468
    100000	    930000	      8992	      3687
        10	    940000	      8066	      6651
       100	    940000	      7531	      6381
      1000	    940000	      7496	      6623
     10000	    940000	      7513	      5695
    100000	    940000	      9128	      3783
        10	    950000	      8062	      6668
       100	    950000	      7719	      6402
      1000	    950000	      7716	      6672
     10000	    950000	      7775	      6038
    100000	    950000	      9270	      3819
        10	    960000	      8159	      6404
       100	    960000	      7841	      6298
      1000	    960000	      7851	      6577
     10000	    960000	      8359	      6833
    100000	    960000	      9299	      3875
        10	    970000	      8160	      6796
       100	    970000	      7851	      6774
      1000	    970000	      7613	      6462
     10000	    970000	      7994	      6258
    100000	    970000	     10044	      4019
        10	    980000	      8571	      6587
       100	    980000	      7984	      6854
      1000	    980000	      7918	      6491
     10000	    980000	      8132	      6241
    100000	    980000	      9988	      3901
        10	    990000	      8776	      6991
       100	    990000	      8026	      6625
      1000	    990000	      7889	      7032
     10000	    990000	      8133	      5848
    100000	    990000	      9994	      5281
        10	   1000000	      8348	      7084
       100	   1000000	      8182	      6774
      1000	   1000000	      8073	      6955
     10000	   1000000	      8457	      5981
    100000	   1000000	      9761	      3840
